# 十送红军
T=0.28

5
0
5
0
6
+1
6
5

3
0
5
0
3
5
3
2

+1
0
+1
+2
+3
+2
+3
+1

+2
0
+2
5
+2
5
+2
+3

+1
0
+1
+2
+3
+2
+3
0

+2
0
+3
0
+2
+3
+2
+1

6
+1
5
6
7
0
6
0

5
0
5
3
2
1
2
3

5
0
5
6
+1
0
+3
0

+2
0
+1
0
7
0
6
0

5
0
5
0
6
+1
6
5

3
0
3
5
3
5
3
2

+1
0
+1
0
+2
0
+2
+3

2
0
0
3
5
3
5
0

+2
0
+2
+1
6
5
6
+1

+2
0
+2
5
+2
5
+2
+3

+1
0
+1
0
+2
0
+3
0

5
0
6
5
3
0
0
0

+1
0
+1
6
5
3
5
6

+1
0
0
0
0
0
0
0

+1
0
+1
+2
+3
+2
+3
0

+2
0
+3
0
+2
+3
+2
+1

6
+1
5
6
7
0
6
0

5
0
0
0
0
0
0
0

1
0
1
-6
1
0
2
0

3
2
3
0
3
2
3
0

5
0
5
5
6
5
3
0

2
0
2
1
-6
1
2
0

2
0
2
1
2
0
3
0

5
0
+1
0
6
0
5
0

3
0
3
1
2
0
3
0

5
0
5
3
2
1
2
3

5
0
0
0
6
0
+1
0

3
2
3
0
3
2
3
0

2
0
5
3
5
0
7
0

6
0
6
5
3
5
6
0

+1
0
0
6
+1
0
0
0

3
0
3
2
1
0
0
0

-6
0
0
5
3
2
1
0

2
0
2
1
-6
1
2
0

2
0
2
1
2
0
3
0

5
0
5
3
5
0
6
0

+1
0
+1
6
5
3
5
6

+1
0
0
0
0
0
0
0

5
0
0
6
+1
0
0
0

2
0
2
3
5
0
0
0

6
+1
5
6
7
0
6
0

5
0
0
0
0
0
0


